   -0.20958453
    0.46235492
   -0.10827243
   -0.12621587
   -0.04572266
    0.05234334
    0.01286376
   -0.01852637
   -0.02448409
   -0.02287268
   -0.02620461
   -0.03162017
    0.08128208
   -0.04012554
   -0.02532638
   -0.02566741
   -0.02371669
   -0.02273702
   -0.10264049
   -0.01510566
   -0.05817179
    0.00077738
   -0.03820675
   -0.03553986
   -0.03598888
   -0.03335103
    0.00159240
   -0.01294149
   -0.03078034
    0.16971443
   -0.33119041
   -0.31426111
    0.16772452
   -0.01309083
   -0.09569505
   -0.05194635
   -0.00124261
   -0.03746718
   -0.03720166
   -0.03463110
   -0.03542074
    0.00407748
    0.03715413
    0.14307108
    0.05114897
    0.04378489
    0.04092211
    0.03702943
    0.04221404
    0.04232190
    0.04415591
    0.04580060
    0.08722777
    0.05038355
    0.05446942
    0.03242904
    0.02498652
    0.02278892
    0.02234884
    0.02312729
    0.03080394
    0.03455387
    0.03383453
    0.05022062
    0.02826461
    0.02272342
    0.02025703
    0.02075734
    0.02643972
