           1           2   1.97749131688052     
           1           3  0.364431491600128     
           2           3   1.86902559236016     
           3           4  0.361995172732826     
           4           5  0.545024866617937     
           5           6   1.61352308132765     
           6           7   1.12743588992490     
           4           8  0.111848633426880     
           7           8   1.33868687220951     
           8           9   1.47379080888326     
           9          10   1.41663520997854     
           8          11  0.101401960085128     
          10          11   1.42636660937184     
           7          12   1.34920991703372     
          11          12   1.46528866208541     
           5          13   1.07610242262100     
          13          14   1.35385790195195     
          14          15   1.45486103784870     
          15          16   1.43084320386564     
          14          17  0.103435624618138     
          16          17   1.42374052459438     
          13          18   1.33365294680242     
          15          18  0.102678381956430     
          17          18   1.45936752645130     
          19          20   1.02518905599227     
          20          21   1.58830648352412     
          21          22   1.23076744483930     
          22          23   1.30518481182620     
          23          24   1.52756019325500     
          24          25   1.33955259878339     
          23          26  0.110598540118508     
          25          26   1.53207606924142     
          22          27   1.25690869848111     
          26          27   1.29916249573991     
          27          28   1.21257594231567     
          28          29   1.10957355445070     
          29          30   1.30590411229726     
           4          31  0.735977794816580     
          30          31   1.24948052596244     
           4          32  0.770421441889850     
          20          33   1.15379395616418     
          28          33   1.28697863155300     
          32          33   1.21574691926606     
          30          34   1.15253941385459     
          34          35   1.02479578010755     
          34          36   1.58131429864795     
          36          37   1.23622461814078     
          37          38   1.30126307602125     
          38          39   1.53088840300967     
          39          40   1.33696560859894     
          38          41  0.111490056194936     
          40          41   1.53632481237182     
          29          42   1.21558918796440     
          37          42   1.25988188260626     
          41          42   1.29438598119770     
           6          43  0.942999650918093     
           4          44  0.112939323271561     
           8          44  0.834883799410136     
           9          45  0.968980794593282     
          10          46  0.970654900385636     
          11          47  0.970087714289080     
          12          48  0.968210743894197     
          14          49  0.965389703314522     
          15          50  0.969573801472417     
          16          51  0.970487357835901     
          17          52  0.969029787288598     
          18          53  0.890054252819137     
          19          54  0.965274993946062     
          19          55  0.972416115478029     
          19          56  0.982589655723115     
          21          57  0.965386525137140     
          23          58  0.968692788324471     
          24          59  0.971477588301109     
          25          60  0.971291727643459     
          26          61  0.965332816193722     
          35          62  0.985871158108715     
          35          63  0.972003167026888     
          35          64  0.971713440517207     
          36          65  0.963246700711194     
          38          66  0.968676920006051     
          39          67  0.971574083245980     
          40          68  0.971328013796815     
          41          69  0.965016745949131     
