           1           2   1.4275523773360765     
           2           3   1.4471289962005471     
           3           4   1.3804425608925095     
           4           5   1.3068882070524257     
           1           6   1.4203898172896099     
           3           6  0.10167820357163235     
           5           6   1.4018590026491107     
           4           7   1.0588558128063437     
           7           8   1.3873261911913188     
           8           9   1.4459947250907876     
           9          10   1.4158312081455291     
          10          11   1.4357981143076470     
           7          12   1.2855480040644185     
          11          12   1.3810356126163370     
           1          13  0.96795375263553018     
           2          14  0.96853375529785168     
           3          15  0.96339665826343657     
           6          16  0.93758597997221083     
           8          17  0.96247290151261278     
           9          18  0.96833595916411275     
          10          19  0.96757140837096300     
          11          20  0.94156201748826185     
           5          22  0.55633392626637201     
          12          22  0.60453026139039689     
          22          23  0.83134090290456053     
          23          24  0.96079009450857511     
          23          25  0.90997758963471165     
          22          27  0.11459083133433660     
          23          27  0.98312099055882529     
          24          28   1.0522577984987593     
          27          29   1.3630217278356929     
          24          30   1.0856848084060062     
          22          31  0.75629300989983816     
          28          31   1.1909432764983923     
          24          33  0.11848674301384560     
          28          33   1.6080585032180057     
          31          33  0.14210040056056708     
          30          34   1.3535569855112957     
          32          34   1.4641004533128332     
          34          35  0.96397626001457914     
          32          36  0.97097265280974965     
          29          37  0.96387328150075413     
          26          38  0.94632440604908363     
          27          38   1.3518056229635615     
          29          40   1.4542630199071964     
          38          40  0.10511211374327524     
          29          41  0.10463125480312718     
          38          41   1.4539253763207569     
          39          41  0.97067626666889439     
          34          42  0.10659105913071043     
          40          43  0.97094820347161159     
          40          45   1.4302956266701978     
          41          45   1.4301295233883640     
          32          46   1.4235518748624612     
          42          46   1.4347602928891596     
          44          46  0.97199429711871854     
          21          47  0.96379462108875236     
          30          47   1.3616671996424321     
          32          47  0.10297356550748371     
          42          47   1.4511712075146868     
          42          48  0.97157698969800077     
          45          49  0.97163580423220808     
