   -0.12042664
    0.09420638
   -0.05593715
   -0.01721185
   -0.05260525
    0.09399418
   -0.05246747
   -0.24840276
   -0.31052279
    0.37901950
   -0.43913419
    0.03223202
    0.01426341
   -0.03310661
   -0.02739222
   -0.03294998
   -0.03048635
   -0.03434274
   -0.13232753
    0.08316481
   -0.04396590
   -0.03231104
   -0.03821983
   -0.03066760
   -0.05241863
    0.02471973
    0.04621711
   -0.10842117
   -0.11098559
   -0.11048400
    0.02337040
   -0.11279514
   -0.10467563
   -0.10377313
   -0.08989280
    0.06060213
    0.05919605
    0.08537949
    0.04346930
    0.04211877
    0.04059523
    0.03305139
    0.03635551
    0.03386694
    0.03074695
    0.03016466
    0.08712965
    0.03721497
    0.02456978
    0.02642434
    0.02781993
    0.03238161
    0.00705100
    0.04029387
    0.04409981
    0.04279222
    0.07276140
    0.04034045
    0.03785386
    0.03836147
    0.03852552
    0.07725260
    0.03847157
    0.04234272
    0.07783277
    0.06842314
    0.03440179
    0.03962794
    0.03870488
    0.03610473
    0.04365301
    0.03350330
    0.11125173
