           1           2   1.02222864639061     
           2           3   1.41405365983235     
           3           4   1.40437490144214     
           2           5  0.101973967452669     
           4           5   1.46758786284300     
           5           6   1.34939947227614     
           2           7   1.34090143343926     
           6           7   1.26169120103249     
           7           8  0.586465612981038     
           8           9  0.612022127273091     
           9          10   1.33068497845241     
           9          11  0.189902509422611     
          10          11   1.66552079465278     
          10          12  0.803939850882639     
          12          13  0.963174786751396     
          13          14   1.39435504551456     
          14          15   1.44764330069944     
          13          16  0.104995545208243     
          15          16   1.43555050452465     
          14          17  0.109299157334229     
          16          17   1.43310483114133     
          13          18   1.39760817250822     
          15          18  0.107835880768093     
          17          18   1.44706124344133     
           8          19  0.724219357849163     
          12          19   1.03010368610845     
          19          20   1.22186350776890     
          20          21   1.28832819671138     
          21          22   1.48881767676213     
          22          23   1.40508731104144     
          23          24   1.41357345828433     
          20          25   1.28919553309019     
          24          25   1.47990464928146     
           8          26  0.717082308148999     
          26          27  0.933935263838440     
          27          28  0.988257401591166     
          27          29  0.989796613797237     
          27          30  0.987683313215229     
          26          31  0.787023539988293     
          31          32  0.998440616309303     
          31          33  0.990080569645486     
          31          34  0.995262427566179     
           6          35   1.11941088683162     
           8          35  0.179009958537230     
          26          35  0.563710473529871     
           1          36  0.964607323718945     
           1          37  0.968299104181515     
           1          38  0.949715513360551     
           3          39  0.968269646320496     
           4          40  0.969066163830348     
           5          41  0.967902080450153     
          12          42  0.951663252358481     
          14          43  0.968052941485004     
          15          44  0.970258407791616     
          16          45  0.971133768822396     
          17          46  0.970440628728115     
          18          47  0.876853470416982     
          21          48  0.954779490565417     
          22          49  0.970640706664295     
          23          50  0.972166367661368     
          24          51  0.970126376459555     
          25          52  0.965380572996541     
          26          53  0.917194497830663     
          28          54  0.977066074205453     
          28          55  0.977005705082171     
          28          56  0.980014133040628     
          29          57  0.970914548324533     
          29          58  0.970493313943072     
          29          59  0.979806559133312     
          30          60  0.979425917685687     
          30          61  0.979617531726605     
          30          62  0.961259679964404     
          32          63  0.979089037757520     
          32          64  0.981008888482416     
          32          65  0.948713293281897     
          33          66  0.941234780089001     
          33          67  0.970453680383536     
          33          68  0.977895223646714     
          34          69  0.973702284361486     
          34          70  0.974121934769878     
          34          71  0.974078116317230     
          35          72  0.956430555589727     
          35          73  0.863693239938898     
