   -0.15000944
    0.45415015
   -0.11767006
   -0.23628482
   -0.02453032
    0.07040238
    0.00374539
   -0.01995811
   -0.01693066
   -0.00024151
   -0.01406893
   -0.02020504
    0.06885991
   -0.03488224
   -0.01912682
   -0.01864853
   -0.02416174
   -0.04000115
   -0.13260050
    0.12480219
   -0.03946101
    0.12122203
   -0.13488319
   -0.04464159
    0.06795796
    0.02304231
   -0.12392611
   -0.03337662
   -0.00431582
   -0.03125523
    0.02168959
   -0.11277038
   -0.05254208
    0.06142514
    0.01943151
   -0.11423317
   -0.03214707
   -0.00705559
   -0.03465148
    0.01763885
   -0.11778745
    0.10117782
    0.05210361
    0.07313770
    0.08363491
    0.07870171
    0.05892272
    0.05178117
    0.07124805
    0.07555608
    0.06834048
    0.04450472
    0.08270338
    0.08911288
    0.07727938
    0.06765626
    0.07765652
    0.09224690
    0.07885937
    0.07676496
    0.04987502
    0.08605135
    0.07975959
    0.08632255
    0.07840193
    0.07269100
    0.08637938
    0.10323383
    0.06414134
    0.07954347
    0.07653632
    0.07721123
    0.08343862
    0.07628199
    0.08252409
    0.04301415
    0.07120479
