           1           2   2.04808135498667     
           1           3  0.379672631257099     
           2           3   1.83694895161868     
           3           4  0.368348376512555     
           4           5  0.679130343225168     
           5           6   1.60999065512283     
           6           7   1.15437626637667     
           7           8   1.32672129428328     
           8           9   1.47825032997573     
           9          10   1.41107021938135     
          10          11   1.41384503202578     
           7          12   1.31769048678484     
          11          12   1.47861895144132     
           5          13   1.01060884257573     
          13          14   1.34912651533672     
          14          15   1.45670867785835     
          15          16   1.42580295291127     
          14          17  0.104740059656600     
          16          17   1.42994587370806     
          13          18   1.36464931722698     
          15          18  0.104226891306855     
          17          18   1.44583534479450     
           4          20  0.136094559881725     
          19          20   1.02928665895953     
           4          21  0.154022556267713     
          20          21   1.20958386203711     
           4          22  0.131975966317766     
          21          22   1.22444159238779     
          22          23   1.02783832787293     
           4          24  0.594621910531012     
          22          24   1.36267594768236     
          24          25   1.20194628238302     
          25          26   1.23780300763490     
          26          27   1.04041431247902     
          26          28   1.43812761338267     
          28          29   1.42043529270605     
          29          30   1.37405142048048     
          25          31   1.23427922029769     
          30          31   1.47728022479687     
          31          32   1.03242978632143     
           4          33  0.593731042121419     
          20          33   1.38284344852508     
          33          34   1.16995703980777     
          34          35   1.24979226875201     
          35          36   1.03357037146660     
          35          37   1.46645585093644     
          37          38   1.38485811848167     
          38          39   1.41857192973910     
          34          40   1.25112185762875     
          39          40   1.43846669271225     
          40          41   1.03763184157224     
           6          42  0.911688104961868     
           8          43  0.962006388920575     
           9          44  0.965721952899314     
          10          45  0.965392287902006     
          11          46  0.964349207896988     
          12          47  0.966046197641415     
          14          48  0.966163030401426     
          15          49  0.964332230652028     
          16          50  0.966467646148876     
          17          51  0.966452930904376     
          18          52  0.954723297824094     
          19          53  0.954627537534677     
          19          54  0.947256912250319     
          19          55  0.974350740417515     
          21          56  0.961053708438439     
          23          57  0.972743302162947     
          23          58  0.945513649280380     
          23          59  0.958589592641045     
          27          60  0.960673411227801     
          27          61  0.976054979359058     
          27          62  0.946341598252383     
          28          63  0.959269178671448     
          29          64  0.964479525877016     
          30          65  0.960910581008184     
          32          66  0.955174601549728     
          32          67  0.970731148007479     
          32          68  0.865704672718963     
          36          69  0.958401373952383     
          36          70  0.975299729426667     
          36          71  0.917707183570861     
          37          72  0.961116223020144     
          38          73  0.965101495006821     
          39          74  0.959684002757643     
          41          75  0.949873955050783     
          41          76  0.973223653951161     
          41          77  0.967159854884665     
