   -0.03245098
   -0.00980428
   -0.03903539
    0.08409609
   -0.01942105
    0.04626956
    0.08455894
   -0.03651574
   -0.00935450
   -0.02864194
    0.06280246
   -0.01344394
    0.05786101
    0.05409453
    0.05154476
    0.08428836
    0.04524816
    0.04950463
    0.05613660
    0.09544133
    0.05677962
   -0.33994384
    0.06273499
   -0.16597519
    0.08096047
    0.02839553
    0.01562834
    0.43312395
   -0.03792255
    0.08732446
   -0.34269264
   -0.03331203
   -0.43851224
   -0.03977168
    0.08042833
    0.02544453
    0.04539855
   -0.03968626
    0.02635518
   -0.03079457
   -0.03313444
   -0.02853670
    0.03164701
    0.02809779
   -0.03618643
   -0.03947726
   -0.04234679
    0.03442046
    0.02837477
