           1           2   1.41979265925825     
           2           3   1.44420471737289     
           3           4   1.38774233962136     
           4           5   1.29025249700829     
           1           6   1.43125069507583     
           5           6   1.38517471501544     
           4           7   1.05496547571329     
           7           8   1.38415499469064     
           8           9   1.44437466001465     
           9          10   1.42593769141052     
           8          11  0.101569466591448     
          10          11   1.42331801097690     
           7          12   1.28925002792607     
          11          12   1.39476870138007     
           1          13  0.967847048693909     
           2          14  0.968456300464622     
           3          15  0.963399188196047     
           6          16  0.942115869175126     
           8          17  0.964592816780858     
           9          18  0.968994783427617     
          10          19  0.968551048513180     
          11          20  0.946150339522921     
           5          22  0.580527155537235     
          12          22  0.520460404628005     
          22          23  0.783902489648405     
          22          24  0.132316212803708     
          23          24   1.02785805980802     
          23          25  0.866787141091881     
          23          27   1.04595389086855     
          24          28  0.838944892928677     
          27          29   1.36958020604142     
          24          30   1.03227699030069     
          22          31  0.611122031308493     
          28          31   1.32022127782101     
          28          33   1.68358205289691     
          31          33  0.183056467411887     
          30          34   1.36028843167284     
          32          34   1.45488982318920     
          34          35  0.867010688198883     
          32          36  0.970611997843724     
          29          37  0.960331486248761     
          26          38  0.963002689834209     
          27          38   1.34835136339074     
          29          40   1.44812228144663     
          38          40  0.105304033953493     
          29          41  0.101301919129879     
          38          41   1.47202746802950     
          39          41  0.970918150980166     
          34          42  0.104519665160414     
          40          43  0.970742215640318     
          40          45   1.43724663818854     
          41          45   1.41673171174768     
          32          46   1.42861470296684     
          42          46   1.43041261932514     
          44          46  0.971635810733601     
          21          47  0.967264820714631     
          30          47   1.36790344663061     
          32          47  0.106873938182923     
          42          47   1.45638790556396     
          42          48  0.970605294404599     
          45          49  0.971699394661957     
