   -0.11031158
    0.02785033
   -0.09018837
    0.07151183
   -0.11003158
   -0.05502012
    0.08615443
    0.12857016
    0.03388112
   -0.03679367
    0.06120248
   -0.21256192
    0.06235744
   -0.04184038
    0.09720287
    0.02509569
   -0.11200325
   -0.08657776
    0.06989703
   -0.10958757
   -0.08255491
   -0.60143327
   -0.17341712
    0.49253309
   -0.27706342
    0.06212506
    0.00781586
   -0.03099050
   -0.03179993
   -0.03563028
   -0.03004432
   -0.03820304
   -0.08832127
    0.07858729
   -0.06330008
   -0.03649735
   -0.04917063
   -0.03029929
   -0.05273181
    0.05009765
    0.06250229
    0.04668024
    0.03574222
    0.05794631
    0.05442411
    0.06772122
    0.07515191
    0.04567040
    0.04603533
    0.04713905
    0.04236477
    0.05706414
    0.03929485
    0.06091920
    0.03353301
    0.06037168
    0.05692253
    0.04949003
    0.07027286
    0.03370355
    0.02165733
    0.02345870
    0.02572941
    0.02891312
    0.01005237
    0.01204639
    0.01812267
    0.02399112
    0.02457032
