           1           2   1.02844337725986     
           2           3   1.49344969493283     
           3           4   1.31162189405762     
           4           5   1.02568166444762     
           2           6  0.128623702442577     
           4           6   1.48560273575457     
           2           7   1.25257983398271     
           6           7   1.07536937566953     
           7           8  0.882891154774899     
           8           9  0.968151860955928     
           9          10   1.41082864380518     
          10          11   1.42503722364578     
          11          12   1.44166328311900     
          10          13  0.113909144509537     
          12          13   1.43805436791677     
           9          14   1.40714133002561     
          11          14  0.114690022629823     
          13          14   1.43032443452057     
           8          15  0.929374825333613     
          15          16   1.20812370601857     
          16          17   1.02799292398972     
          16          18   1.51000374000428     
          18          19   1.29846207318643     
          19          20   1.02199428492254     
          15          21   1.03440629549067     
          16          21  0.117577178488190     
          19          21   1.45440580196912     
           6          22  0.422351214542488     
           7          22  0.120988829577317     
           8          22  0.109765055567071     
          15          22  0.163496478133487     
          21          22  0.442670226343348     
          22          23  0.334104832188301     
          22          24  0.257232725133909     
          23          24   1.78129132873228     
          23          25  0.337282764106289     
          24          25   1.86291330566640     
          22          26  0.378015821808213     
          26          27   1.12956927989881     
          27          28   1.33612896882670     
          28          29   1.47019273124605     
          29          30   1.42060750210229     
          30          31   1.41714610350286     
          27          32   1.33559036304079     
          31          32   1.47478941895502     
          22          33  0.576703745090677     
          26          33   1.37618641763954     
          33          34   1.15833587854461     
          34          35   1.32865729835231     
          35          36   1.45099547750053     
          36          37   1.43563699525228     
          37          38   1.40192639138520     
          34          39   1.28671920681538     
          36          39  0.102026441265827     
          38          39   1.49212075690462     
           1          40  0.963954075306092     
           1          41  0.980453244129825     
           1          42  0.970479940052255     
           3          43  0.972217991632075     
           5          44  0.970122550740602     
           5          45  0.966948722104906     
           5          46  0.977291603905125     
           8          47  0.924934381860527     
          10          48  0.963554926485807     
          11          49  0.963323474327998     
          13          50  0.963080732050999     
          14          51  0.966257146667110     
          17          52  0.960996484513846     
          17          53  0.970398912003764     
          17          54  0.979708031612591     
          18          55  0.972159861708063     
          20          56  0.980747805456135     
          20          57  0.969272394790355     
          20          58  0.972245108514608     
          26          59  0.893108844479564     
          28          60  0.962221708108132     
          29          61  0.971157478352881     
          30          62  0.972229960124896     
          31          63  0.970934984951965     
          32          64  0.968762995911870     
          35          65  0.956139368724162     
          36          66  0.971667258502707     
          37          67  0.972489961254315     
          38          68  0.969367830449994     
          39          69  0.968078022456463     
