   -0.02892290
   -0.00808098
   -0.03642837
    0.07866521
    0.00285400
    0.05772778
    0.08152415
   -0.03648276
   -0.00984068
   -0.03107562
    0.04935161
   -0.01838222
    0.06080250
    0.05349397
    0.04921349
    0.11485445
    0.05362106
    0.05623116
    0.06037830
    0.08335863
    0.02758644
   -0.28324781
    0.04361755
   -0.12020537
    0.04830697
    0.06293204
    0.03237414
    0.41649575
   -0.04379701
    0.07273798
   -0.33215864
   -0.02948502
   -0.47408729
   -0.04509866
    0.06044156
    0.02898602
    0.02293729
   -0.02219516
    0.03279286
   -0.03279152
   -0.02958369
   -0.03315314
    0.02587236
    0.02229016
   -0.03481710
   -0.04185811
   -0.05710844
    0.02127886
    0.02807423
