           1           2   1.4275523773361005     
           2           3   1.4471289962005374     
           3           4   1.3804425608925011     
           4           5   1.3068882070524692     
           1           6   1.4203898172895661     
           3           6  0.10167820357162630     
           5           6   1.4018590026492173     
           4           7   1.0588558128063825     
           7           8   1.3873261911913430     
           8           9   1.4459947250907625     
           9          10   1.4158312081455415     
          10          11   1.4357981143076393     
           7          12   1.2855480040643421     
          11          12   1.3810356126162742     
           1          13  0.96795375263553496     
           2          14  0.96853375529784780     
           3          15  0.96339665826343879     
           6          16  0.93758597997224569     
           8          17  0.96247290151259612     
           9          18  0.96833595916410142     
          10          19  0.96757140837095201     
          11          20  0.94156201748825619     
           5          22  0.55633392626628630     
          12          22  0.60453026139076294     
          22          23  0.83134090290465257     
          23          24  0.96079009450860087     
          23          25  0.90997758963467801     
          22          27  0.11459083133441994     
          23          27  0.98312099055877278     
          24          28   1.0522577984987078     
          27          29   1.3630217278356933     
          24          30   1.0856848084059780     
          22          31  0.75629300989973169     
          28          31   1.1909432764985193     
          24          33  0.11848674301381538     
          28          33   1.6080585032179258     
          31          33  0.14210040056055800     
          30          34   1.3535569855112930     
          32          34   1.4641004533128370     
          34          35  0.96397626001458947     
          32          36  0.97097265280974310     
          29          37  0.96387328150074625     
          26          38  0.94632440604907597     
          27          38   1.3518056229635476     
          29          40   1.4542630199071822     
          38          40  0.10511211374328061     
          29          41  0.10463125480312974     
          38          41   1.4539253763207534     
          39          41  0.97067626666890283     
          34          42  0.10659105913069988     
          40          43  0.97094820347161326     
          40          45   1.4302956266702094     
          41          45   1.4301295233883626     
          32          46   1.4235518748624654     
          42          46   1.4347602928891396     
          44          46  0.97199429711871344     
          21          47  0.96379462108875746     
          30          47   1.3616671996424352     
          32          47  0.10297356550747880     
          42          47   1.4511712075147101     
          42          48  0.97157698969799955     
          45          49  0.97163580423221829     
