   -0.04142779
   -0.01035570
   -0.03237595
    0.12339335
   -0.01275056
    0.03932411
    0.09878182
   -0.03414662
   -0.00865925
   -0.04069369
    0.04429058
   -0.06382445
    0.04050267
    0.04258912
    0.04791490
    0.04474511
    0.04191300
    0.04008666
    0.03778271
    0.03650282
    0.03135853
   -0.59385855
   -0.07459053
    0.06240168
   -0.02913141
    0.02689961
    0.08425478
    0.42781901
   -0.03860331
    0.00337951
   -0.08449518
    0.02798823
   -0.26768849
   -0.03033906
    0.02899123
    0.02857483
    0.03888558
   -0.03573997
    0.02781943
   -0.02997057
   -0.03139258
   -0.03020309
    0.03257770
    0.02813113
   -0.03523164
   -0.03162253
   -0.03285583
    0.03068825
    0.07236040
