           1           2   1.4375323420819675     
           2           3   1.4322606747006295     
           1           4  0.10812302574886352     
           3           4   1.3615988870974083     
           4           5   1.4111699855809998     
           1           6   1.4242680826933860     
           3           6  0.11469159736486242     
           5           6   1.3929527667326744     
           7           8   1.3594362445892654     
           8           9   1.4436276211969203     
           7          10  0.10836209345784441     
           9          10   1.4283534585415059     
           8          11  0.11615070079727514     
          10          11   1.4330884053878898     
           7          12   1.4021019686309319     
          11          12   1.3869448706219740     
           1          13  0.96770931786604431     
           2          14  0.96555363131503125     
           3          15  0.96628872330021987     
           6          16  0.96200075714604294     
           8          17  0.96734097822597298     
           9          18  0.96601944961040009     
          10          19  0.96804011808379786     
          11          20  0.96208690792378870     
           4          22  0.76043659321648782     
           5          22  0.46082234738448941     
           7          22  0.71911095432681826     
          12          22  0.44021447625014881     
          22          23  0.47396009316750604     
          22          24  0.22697087107096434     
          23          24   1.5991646242627024     
          23          27   1.0408953171399391     
          22          28  0.10730274516238146     
          27          29   1.3631908930055134     
          24          30   1.0597349280697030     
          22          31  0.38091158013669763     
          28          31   1.8739129349145642     
          28          33   1.8992703788354972     
          31          33  0.35618928336154859     
          25          34   1.4564937300419831     
          30          34   1.3735023226351561     
          34          35  0.96835417143044933     
          25          36  0.97070784129356114     
          29          37  0.96694342665149990     
          26          38  0.96434980743551080     
          27          38   1.3580327299380632     
          29          40   1.4552561675556905     
          38          40  0.10556181412530842     
          29          41  0.10506351656342504     
          38          41   1.4532589092088743     
          39          41  0.97079735992870342     
          32          42  0.97070133530370994     
          34          42  0.10605980283273383     
          40          43  0.97030847543147725     
          27          45  0.10117747473643499     
          40          45   1.4297038895357861     
          41          45   1.4315304427543261     
          25          46   1.4296668017430441     
          30          46  0.10238594362678513     
          42          46   1.4304151776844969     
          44          46  0.97177222546134534     
          21          47  0.96906525013247147     
          25          47  0.10544382936644583     
          30          47   1.3749053221531371     
          42          47   1.4562343779734093     
          45          48  0.97156301934318767     
          24          49  0.90954878965051933     
