   -0.09200570
    0.04292064
   -0.07235227
   -0.05210189
    0.02977156
   -0.07523929
   -0.41353049
   -0.31969741
    0.37817992
   -0.55963398
    0.04169416
    0.02369907
   -0.03294430
   -0.03910645
   -0.05131479
   -0.03776546
   -0.02921576
   -0.15144013
    0.08924931
   -0.07731457
   -0.04554610
   -0.08020426
   -0.04494024
   -0.05376245
   -0.29514194
   -0.00004721
    0.02650425
    0.02448032
   -0.04190202
   -0.03806795
    0.02931808
   -0.01899817
    0.03747631
   -0.00906477
    0.01132489
   -0.01376093
   -0.01918127
   -0.00732244
    0.04182730
   -0.01978296
   -0.04035673
   -0.04623367
   -0.03136856
    0.03289836
