           1           2   1.01449651137651     
           2           3   1.65190562854348     
           3           4   1.16528006761206     
           2           5  0.104689447018300     
           4           5   1.69015492408330     
           5           6  0.975056564247378     
           5           7  0.944239094831363     
           7           8  0.550757044677302     
           8           9   1.42238796844025     
           8          10  0.193079147074879     
           9          10   1.56550988995876     
           9          11  0.815194471812754     
          11          12   1.02257984823199     
          12          13   1.37424562299967     
          13          14   1.45721092143981     
          14          15   1.42627512349538     
          15          16   1.41893333448058     
          12          17   1.37259210982418     
          14          17  0.102432801653899     
          16          17   1.46507039387952     
           7          18  0.664975864841453     
          11          18  0.990174942762960     
          18          19   1.31905574961525     
          19          20   1.24961402684066     
          20          21   1.48848509714720     
          21          22   1.40591865092026     
          22          23   1.37004079226387     
          19          24   1.24562808530722     
          23          24   1.52330057588138     
           2          25   1.13648932046722     
           3          25  0.116962197241449     
           7          25  0.871429973987986     
           1          26  0.984927522651236     
           1          27  0.978457661719199     
           1          28  0.979830508193908     
           3          29  0.961048087576253     
           4          30  0.944454827276876     
           6          31  0.965605073061176     
           6          32  0.976248941336267     
           6          33  0.967239915515795     
          11          34  0.936522249322171     
          13          35  0.969768387967044     
          14          36  0.971382040594721     
          15          37  0.972066307659193     
          16          38  0.971616209671028     
          17          39  0.965182766424172     
          20          40  0.966660491535902     
          21          41  0.969328649614149     
          22          42  0.970988586289983     
          23          43  0.970068895598093     
          24          44  0.952881508667348     
